44273
13946
12275
8904
9941
9822
20339
11690
14489
272567
11331
10528
10237
10247
10576
28857
10440
10413
11700
11232
10165
10543
59364
10347
15272
9827
10023
21893
31021
27366
22299
10680
10102
10072
11106
17655
14131
10994
10266
10613
10269
10361
11324
10720
11326
12353
12067
10133
10200
10229
10324
10394
10163
13309
10229
10163
10098
10108
11788
10573
11993
10596
10327
11668
10912
21797
10378
10154
10392
10268
10143
10945
11767
10422
10309
10299
10163
10315
10293
10256
10925
10870
10243
10148
10448
10226
10209
10835
11270
10203
10223
10231
10193
10368
10135
10752
11574
10244
10441
10168
