36693
29430
29025
11887
11601
7630
6850
7380
6799
6783
6684
6763
6801
8301
7526
6275
20199
7375
6848
7020
7178
7625
8998
39430
7686
7165
7171
7114
7469
7093
7075
7138
7251
7376
6960
6964
7126
7191
7319
7193
7099
8452
7487
7283
7001
7120
7105
7126
6995
6003
7556
6326
7107
7054
7078
7039
7031
7042
6946
6914
6988
7106
6852
6995
7187
269291
13437
7289
6285
6359
6982
7040
6946
6892
6954
7695
6772
6881
7059
12107
6839
6810
6801
7736
6989
6801
6462
6984
6759
6848
6830
6805
6815
6840
7035
6755
6948
6811
6764
6120
