45496
31973
17560
34468
110565
42952
25757
19097
28681
45697
63328
21784
67841
54986
18032
73328
46997
19215
28358
28165
27371
38742
39804
20708
18154
17739
16079
73503
17823
27957
24062
82403
19377
18787
17898
29430
23767
18813
18339
21111
19209
18800
18956
18506
18265
18007
19303
18484
18010
58700
18315
18049
17845
15997
19261
18583
21947
18222
18066
23618
16986
16885
17277
18396
17477
15240
22874
17463
18189
17480
17248
17090
17332
19282
22909
18257
18621
23537
259154
17947
17508
18876
18849
18121
22210
31475
17715
18356
18764
45563
17389
107358
17937
20081
17568
16660
18469
17897
20561
18092
