33080
18056
13361
13339
11203
10216
10474
9657
9885
9788
9717
9837
27029
21735
21434
11358
10938
12010
18534
10962
10666
11668
10515
12885
10250
10849
10884
10666
10626
50494
15555
10395
10603
10367
10339
11586
10668
10451
10436
11706
13432
11845
11921
11820
11727
11714
11823
12757
28713
10933
12480
11428
11877
11565
10332
10117
10104
10035
10719
9166
10599
10135
16783
14531
10620
10283
10594
10153
10546
10367
10096
11140
10197
10489
9900
10792
10206
10255
10305
10560
10252
11303
11274
10638
10097
10132
10113
10196
10218
16146
13464
10242
10182
10290
10527
10208
103766
10001
11163
15931
