58449
23770
19750
18392
19513
17682
17220
17257
17488
17142
17112
22132
22886
36744
21279
16916
18136
17321
16755
17485
22896
24266
17494
17373
18034
18345
17222
16878
27677
18919
17421
18806
17977
18352
17351
17748
17401
17978
17885
18690
17400
18179
18216
17962
17358
18126
17231
18377
17883
19116
18055
18241
23711
17459
24403
18260
18541
17690
18070
18346
17983
18012
18419
17611
17883
17348
18359
17038
17865
17304
19195
18422
18059
18511
18111
18403
18030
18629
101360
17535
17777
17882
17727
17646
17665
17902
17356
29627
18743
21909
23206
35082
35842
40785
18351
18017
19425
18958
18156
19974
