223072
137049
119740
122900
202343
338958
196648
153451
168599
199870
157867
142956
140497
146908
135104
149619
138136
146293
183878
154878
131475
140072
142342
171598
201336
135005
189731
220349
246466
192560
146773
143431
181446
158819
158620
257711
181435
146550
151734
186205
130817
126784
130296
141615
147575
126834
128008
127587
127557
140653
143590
149522
145088
128735
127941
188503
142273
160369
192936
190584
189704
166684
204287
138496
142241
155692
177738
142155
207420
196561
149564
142447
130044
140534
142117
136578
128021
139878
137767
126215
127652
140867
177266
132633
237528
200088
133027
140030
186395
127353
181129
156470
139559
212771
183624
129824
141331
174719
139267
237945
