49779
31272
35795
20864
28848
41334
15640
11086
12685
7529
6935
7022
6874
6898
7026
6968
7039
6811
7124
9174
6979
6781
5513
6936
7980
7108
6673
6884
6739
6817
11374
6810
7002
6790
6978
11316
7026
7363
7327
11401
11423
6820
7131
11286
6800
6904
6953
6945
7084
6954
8189
6964
7103
6773
11932
11784
6933
22961
24244
8996
6007
5252
8054
22456
21497
7269
7144
7127
7097
7230
7141
7135
7046
7170
7311
7391
7171
7171
7081
7278
7307
7238
7094
7417
7284
7611
7275
7228
7075
6079
7614
9535
6417
7428
8081
8277
9094
7575
18815
7180
