36621
12231
7950
6343
7410
7182
7101
7000
6914
6994
6964
6999
6964
6859
6972
6776
8324
6983
6846
6805
6755
6805
6915
6887
7087
6772
7596
7112
7039
6950
6902
6819
7087
6827
6625
6761
6814
6805
6776
6777
6823
6828
6920
6779
6730
6809
6704
7808
6752
6798
6710
6761
6655
6745
6841
6936
6836
6824
6739
6731
6787
6789
6699
6745
26154
16974
11085
10621
7580
7310
7214
7230
9541
7367
20525
7339
7248
7107
7123
7087
7142
7214
7145
7316
7076
7164
7083
7184
7162
7269
7108
7284
7198
7238
7182
7108
7283
7232
7459
11768
