25166
9376
8014
8025
7668
7809
7727
7848
7569
7486
7548
7682
7476
7719
7596
7923
7601
7726
12364
7542
7498
7491
7659
7642
7618
7546
7483
10245
7629
7518
7719
7475
12869
7519
7576
7582
12749
7401
26710
11993
23713
7563
7484
7618
7409
9696
7570
7354
6493
7345
6352
7367
7134
7161
7188
7406
7943
7195
7188
7360
7431
8453
12618
58070
17756
13132
52074
15066
20525
228696
14958
8404
7769
19172
7672
8196
6767
8189
7996
8336
6987
8985
8030
7821
84985
7595
301214
16682
22898
19893
19965
48844
19246
11320
19896
20485
8348
7790
8734
6724
