283471
146110
126352
129285
136060
127253
124026
161779
146598
158501
211644
156298
158465
153965
153480
141402
134049
151097
138820
141785
152005
136536
129915
138467
143237
155768
137463
161687
168122
144090
133758
129490
129059
130945
158368
135340
131539
128448
129566
127487
130673
141650
135170
129959
140418
130832
127180
127738
144063
134521
142426
158546
133168
138650
144813
144527
155652
149971
147515
145410
143250
171967
130285
134724
153342
152274
143543
134759
158556
136997
132602
143778
145045
133557
139281
140253
143936
151011
139573
131505
126370
137113
126654
126614
135754
144020
147784
130191
131568
136488
141078
135860
146371
157585
134018
144783
134058
134839
131485
142739
