33476
11524
29088
9703
9730
14212
10219
9692
7248
6922
6798
6740
6659
6883
6850
6837
6908
6992
6910
6794
6805
7057
6749
6739
6734
6756
6872
6718
6666
7956
6840
6842
6696
6569
6778
6771
6894
6762
6892
6943
12028
6867
6711
6703
6722
11165
6758
6562
6699
6930
6684
6974
6883
6760
6736
6729
6695
6613
6663
6635
6680
6646
6702
6638
6686
6099
6842
6655
6804
6678
8410
6838
6751
6660
6739
6526
21993
69725
17411
8126
21738
32288
28439
20784
27363
20626
7295
7248
7510
7387
7424
7250
7143
8316
7252
7287
7267
307112
6966
7742
