21857
10355
9799
9530
14026
9580
9885
9447
6922
6728
6762
8078
6755
6749
6707
6665
6650
6701
6790
6797
6562
6984
6718
6760
6661
6669
6576
6524
9258
6862
6685
6564
6688
13726
6469
17674
6862
8648
7447
6967
52087
7014
7204
12014
18148
7881
26080
26357
33291
25847
20231
189645
7885
5787
6475
20110
10728
6349
7589
7222
11674
7746
6384
7536
7176
8547
14517
6500
6983
7067
7322
6996
7014
7009
6956
6864
7307
7250
7067
6494
7186
11263
10534
6444
14026
10458
8125
7446
8413
7283
6942
7089
7040
7027
7243
6434
8280
6814
7611
7226
