10318
6362
7712
7412
7122
7286
7742
7527
8011
6840
7452
11725
7131
6958
7115
7071
6964
7191
7044
7003
7016
7142
6855
7164
7105
7050
7028
7014
6965
6992
6906
6979
6999
6912
6917
6258
8110
7257
6453
7024
12275
7347
7673
9825
7247
225556
8293
7816
8977
7893
8090
7505
7190
7088
7104
7075
7206
7684
7421
7011
18634
7044
20674
7950
7447
7261
9031
7835
7400
7579
6948
6974
7469
7038
7189
7029
6950
6976
6948
7146
6920
6946
6979
14774
20466
7776
7761
8014
13591
7108
12028
7228
7136
7098
7602
14545
7576
7485
7263
10870
