41366
21108
28979
28611
17335
41112
11418
8132
7509
7278
7302
7402
7421
7223
7256
7335
8659
7413
7175
7222
8060
39612
15316
15591
16607
11577
11559
11426
11206
10458
7732
8758
950717
37653
36246
36893
11087
10503
10573
8164
7726
8861
7872
12221
7019
7993
7661
7727
11264
7069
8750
7225
7609
7788
6698
7732
6651
7762
7849
7707
7797
7675
6887
7628
7043
59701
9702
6940
7879
7809
7748
7745
7601
7651
7538
6823
7816
7632
5508
8261
7534
7740
7748
6970
8300
7931
7778
7742
7751
7607
58713
8073
9018
7024
8156
7097
7927
7700
7579
7692
