237918
226069
218025
178002
168228
124630
150755
129330
231759
173661
130977
256147
142855
136234
194874
181862
217359
136225
142688
154034
187949
220345
181195
180511
219437
149808
194633
273150
167310
250300
158956
124669
178411
192654
325861
259138
226718
237891
990688
223726
170087
147259
239504
253916
142919
222318
215254
161019
123207
269540
197931
235857
172785
166878
176968
166860
246656
221579
151328
229339
146654
215814
191851
214252
179669
133553
167988
187661
179053
207342
169031
166455
168653
221017
245835
155967
222897
172355
236777
208019
173828
171464
174733
252153
208077
191813
193336
186469
217665
163177
170880
181594
255744
233434
199952
126514
132427
176891
240425
179118
