22254
21631
31424
21826
26715
29253
26476
23814
27171
22862
17836
19035
23831
23989
19838
22299
41059
24648
16624
25945
23491
19918
20458
21864
24740
25284
17254
22747
24633
26858
21499
21382
25246
20622
17915
15617
26262
24667
18432
23789
16629
26260
22566
23404
32561
29547
27799
21398
14569
22682
16225
14236
20907
22607
17308
24729
20020
11099
25554
25126
20697
20626
22846
16909
18413
19901
21652
24184
22974
39498
23938
22010
31381
21454
18659
24438
24604
16127
28924
16220
19116
23414
20604
21604
29501
20224
23130
25108
22959
20463
21089
19564
31178
15694
27236
26322
28005
17949
25918
50244
