22051
22180
22188
7531
26502
22477
22214
23225
22176
28932
26562
17610
22186
20653
22271
28116
26749
22302
18490
16690
26257
16438
21460
20014
18503
28788
25262
22960
27325
24868
39058
23426
21287
21343
17900
23695
19294
25981
31819
26763
20014
20502
20184
21671
25215
21992
47496
27705
21789
23822
21830
25227
18804
24504
20995
23441
21621
25504
29483
24058
21825
19493
22654
23280
20080
19958
22430
20943
25289
22092
17312
22143
26707
20488
24156
24943
21381
21552
23493
24339
20932
19262
26722
19831
24261
40701
20023
32761
23447
23119
21094
20851
21498
17546
21778
22071
23978
23039
21445
26852
