23132
23624
22937
21425
20980
27633
21763
21346
26226
22009
21880
24838
27305
21521
20257
21878
20702
19488
21779
21469
18731
24449
26761
16323
16825
18071
24725
14856
25965
29465
20346
22101
41687
20588
29056
21928
21639
17236
24483
33653
26228
17094
22029
20228
21465
24092
27870
18944
17368
21781
18088
26164
22530
21175
23695
21097
20233
26792
25942
26696
20039
19576
22048
21853
35896
18202
23566
15597
23220
21415
23632
26226
22006
21028
23192
16953
18427
18562
19477
21450
22333
20813
16200
20101
22017
19620
18039
19941
29093
23160
17393
22893
24330
19519
26540
23646
18566
25350
25794
19840
