234480
220655
217533
216242
234897
218960
215823
217167
273971
229126
223342
218962
245724
230508
223396
219948
221961
220428
222637
215393
215433
231571
229416
226677
217459
217202
224988
217417
242984
263751
224804
218726
240094
215671
215273
230611
220805
219370
242445
229351
222209
224238
214479
216847
221952
216542
234501
229120
238487
214199
217924
215355
220107
219267
232875
225694
216699
219590
216747
213325
216055
214046
217347
228568
217788
217069
216323
212640
220939
238096
215495
229253
224243
215311
218692
214109
213233
221824
216391
219643
230479
223182
216976
223153
215984
218639
220215
221013
229138
219304
220851
221578
217902
217575
216320
215028
214640
230557
245061
225033
