25580
22670
24686
21835
20830
22225
25276
22761
16655
39033
20299
20566
22704
17050
19544
20263
19650
23332
23922
27633
27540
25245
22577
22416
22448
21597
26810
35327
26932
23928
20678
20981
18222
19118
19257
33246
21644
23385
24548
22784
20388
22727
17808
18185
22128
18228
20516
24471
24226
23450
23790
21862
22575
17241
17537
20669
27362
23693
26233
23339
21122
26491
22296
22645
22168
24400
30704
24819
27775
17070
22100
23037
22055
22954
25753
29297
23318
27117
24547
27717
23033
22265
21469
24319
22788
36997
21449
23152
27419
19775
21576
21626
22150
22116
34719
20511
23011
27121
22690
26499
