16788
16413
30660
16936
15751
15620
15566
27338
15363
16578
15933
16838
17736
16542
16563
15731
16460
16415
15536
18890
16289
33140
17545
16119
16652
16537
15711
16404
16300
16246
16075
16355
17748
17679
16951
16599
16605
15889
15552
15612
15696
16664
17246
17649
18261
16721
16046
16430
15524
15585
15425
15495
15709
16427
16292
17049
16186
16955
16155
17536
16080
19745
16453
16406
15513
15507
15466
15823
15427
16678
26562
15738
15324
20373
17702
15617
17341
16184
16420
15982
15724
15476
15473
15853
15717
16414
16821
15277
15578
17369
15837
16582
16064
19833
16636
16224
15599
15498
16896
16645
