451187
266724
259575
329517
261440
269474
270746
312132
338233
266026
334758
306631
355048
389883
294372
283683
256851
281474
296800
262109
250437
292746
475531
283897
288225
325397
300635
350938
267766
257696
422826
275678
348266
263088
312044
317127
262459
290682
277718
282006
292401
348900
266481
272778
306945
360139
354356
301308
523743
437773
340310
285839
389860
462055
323645
322318
356369
386777
346207
349431
283875
274336
384514
356257
276208
283728
318757
279980
289187
293346
373816
361701
267847
259681
383024
346293
356472
288116
354058
319539
276187
432326
346354
395489
385458
345718
275326
259071
322537
324657
361372
272168
336605
267328
324423
264177
344661
290847
320541
282277
