17207
15597
15854
15399
16144
16232
16308
16198
15464
15749
15797
16191
15752
16141
17100
17358
18052
16726
15530
15332
16505
16414
16105
16372
16092
15468
16434
15628
15607
15440
15521
15348
15282
15809
15847
16879
16355
22324
15712
15465
16585
17141
15706
16623
18116
17927
16200
27104
16085
16564
16679
15535
22508
16276
15960
15936
15456
15432
16326
15824
15914
15842
16359
16427
15549
16637
16287
16282
16001
16182
15474
15566
16171
16488
17187
16196
15832
16633
16672
16225
16993
16021
15681
15389
15230
15797
15370
17111
16107
16367
16267
16699
16043
15857
19151
16510
16790
15925
15941
15844
