23972
22420
22836
23580
22492
24060
26895
22217
21818
21981
21693
25582
25259
23205
22061
23075
24967
22039
27459
21926
23249
22720
22228
21802
23044
22873
23100
25923
27746
36804
24002
31878
22037
22657
23084
22780
22247
23859
22626
22282
21944
22159
21776
22080
22773
25145
22373
22393
23513
22492
22656
21812
24370
21725
21712
23198
23168
22194
22653
22406
25702
21969
33551
30312
35186
37210
35594
35906
35940
22634
21655
23838
22964
27846
35615
23182
23560
22848
22775
22801
22599
22153
22035
25314
22431
39244
22186
22076
25641
22477
32058
28158
23275
22415
25608
22591
22067
21891
22099
28572
