61854
58345
44483
48085
48257
49723
49069
52678
43099
42490
41791
52891
56818
51284
64928
44187
46171
66310
42791
43955
42526
46263
45869
45379
46787
42517
59552
43397
47523
47134
46009
44775
43285
43639
46196
44416
47249
66925
47762
40926
43058
42488
58958
42068
48525
44643
41917
41722
44222
43653
43284
44414
52894
42344
65195
48382
41592
40907
42573
43825
42329
43300
42617
46037
42321
41964
43644
42127
43763
48894
48333
42016
42413
42166
44525
42464
43054
42701
44461
42569
52674
41784
42060
43424
43434
42556
42565
49332
50984
44296
42466
43939
44413
41372
43492
42274
42444
42332
53542
41895
