131149
59735
54084
46495
40563
47898
78761
70427
51937
103573
44109
55292
57350
64401
47468
78410
47087
103463
93708
47466
68732
46243
47952
67370
92744
74789
46996
119301
46899
84922
114498
107984
105002
59110
46584
102114
48575
88658
65828
66266
46301
49498
57012
56788
59923
65652
56347
120702
114746
66206
88840
64267
61949
65125
76151
94933
93231
54281
89564
46712
103000
47893
47180
71725
72464
71596
80129
46549
95975
64591
53991
46590
54229
54218
70577
99603
65448
52473
44762
68147
98904
84800
47272
66709
115929
47999
91829
74988
39586
66823
63831
74050
54978
59927
48988
106853
99851
56180
102588
65275
