17907
16719
17157
16530
16129
15570
15506
15774
16911
16850
17385
16563
16769
16369
16267
16251
16197
16473
16292
15914
15834
16629
29523
15612
20102
15572
15868
16109
16733
16104
16186
16112
16127
15399
15351
16158
16591
16596
16254
15721
16096
15792
15490
20064
15637
16166
16274
16256
15527
16648
15766
15991
15637
16731
16355
16348
17938
17270
17250
16089
15865
16541
15880
15387
15384
15368
15827
15797
16498
16649
16479
15933
15949
15525
15430
16291
16131
16171
15783
16435
16514
16963
16558
15663
16145
15565
15464
16221
15985
16732
17729
16597
17313
15822
15463
17696
17333
15674
16375
20882
