20112
20955
24496
20264
27061
40777
17349
26464
26839
19701
23085
24422
28575
14633
21170
21403
25711
33933
23665
16995
19748
22925
21590
20904
18324
22346
23854
35670
30376
17322
21909
19821
22468
25546
27650
17222
25595
19945
20722
20660
22074
19261
28396
20378
11325
16603
22968
19780
20975
22003
22538
20020
25367
31825
24233
23301
33546
24164
22253
26390
23656
18681
16518
28865
37413
25576
32376
23939
27298
26783
19047
18575
18506
12093
37868
20486
23365
17178
18052
22306
26835
20350
22195
22482
19813
34052
28672
28042
21184
18238
28973
23233
25593
24622
18488
19884
17207
24664
23096
21523
