129718
120017
117215
116657
119646
120146
150020
121952
117461
134601
121552
118818
119229
119788
119086
118425
118436
119967
117260
144820
119741
148394
117934
119031
132287
123780
116901
130955
117073
116333
124001
129297
124158
118981
119037
117997
117880
119981
120336
119876
118539
117604
118690
121494
120048
130986
120475
141663
119118
117915
119410
117927
118973
126789
118282
117268
116972
119213
117540
119243
117112
116539
115354
118545
120576
125425
121271
118667
119161
116686
120998
130675
119841
116852
117418
116731
121913
120795
118765
116541
117892
118005
118262
114986
120548
127268
134182
138663
118112
116034
117331
118314
119652
122531
117936
119886
119713
116983
117061
124573
