16062
19645
16402
15791
16110
16437
19386
15791
16948
19542
17147
15457
15331
15166
16506
17726
16586
15605
15981
17289
25882
16890
16617
25818
16126
16250
16871
16689
15528
15490
15593
16335
16301
16267
15578
16770
16327
30399
16367
20845
15908
15838
17084
16417
19367
16227
16975
16576
17825
16751
28224
16348
16774
16669
16111
16112
16620
15966
16217
16584
16131
16048
15870
19559
15579
15791
16314
17176
15961
15838
16133
16270
15879
16297
17300
17791
15799
22279
15649
16258
17602
18183
16598
16762
17371
15461
15658
15316
15428
16368
15774
22765
15989
16208
15829
15623
15474
15382
15443
15248
