26539
21074
17020
26953
28672
24843
20677
22845
20860
21268
22213
21942
22851
14404
21268
20126
17996
17773
21663
42727
21947
21270
28185
24593
20126
30959
21264
22906
25083
18051
20990
26859
20726
21518
17238
27425
22878
20332
26041
21007
21869
19877
42168
25295
17825
23178
22874
42417
25829
36578
23796
28093
22147
27972
24370
21380
27799
21888
27746
20854
27643
28104
21448
21045
23499
22943
25678
28410
22191
21321
25205
26373
21762
22967
20427
18060
28815
23920
27522
18166
19611
18175
19320
28948
21349
26777
28715
21616
21135
27778
24836
25080
21318
20612
16807
21085
20842
21131
28491
20367
