16087
19632
15648
15354
15252
15283
15593
16081
15601
15649
24608
16420
20041
15627
16178
15636
16450
16703
16152
16452
19819
15555
19242
15468
15425
15766
15712
16170
16562
16114
16547
15304
15923
15408
15548
15291
15332
15364
17639
16923
15685
15658
15779
15326
15197
15246
15207
15727
15929
15504
15323
15243
15386
15545
15410
15689
15506
15804
15746
15337
15433
15391
15789
15285
15317
15418
15281
17023
24545
16075
17104
16603
27366
17365
15764
19803
16213
19666
15495
15454
16178
16695
17364
16057
16837
17167
16632
15479
15340
16546
17427
16557
17647
16257
17250
32568
15586
16061
15895
15532
