27151
31255
27979
30924
27452
28563
32752
25580
27386
29486
26141
25553
26756
28891
27532
24322
27295
32485
35976
39605
33579
40675
27352
25832
24230
22594
22182
34058
27900
27881
26286
23141
39535
26254
27623
30084
27508
21519
27442
33925
22798
25955
36285
27265
29545
28929
26708
30755
27590
44227
29722
23223
25809
25552
44800
26099
21028
30025
30069
25860
30770
32542
45340
25207
34370
29667
25877
29640
39212
27582
31989
29890
31152
29762
27101
31349
25350
26867
26359
26145
27267
39474
26215
24224
27129
33744
25858
41954
33079
29541
27278
27176
25581
26013
35116
37911
27198
27243
33507
27579
