20030
17943
18154
28780
17923
18316
18184
17776
17350
21177
18071
20575
19434
18559
18020
18219
17779
18881
19798
18961
18693
19614
20257
21293
18635
17861
19002
17345
18881
18736
18015
18438
18810
20129
17989
17994
17835
18039
17379
18340
18003
18019
18670
17753
18453
20672
19482
18892
17536
17799
18334
18149
17599
17828
18050
17986
18555
18511
18258
20999
18417
21035
20743
17341
17343
19187
18174
18124
18355
18647
18390
18859
17602
18363
25932
17773
17465
18520
18458
19161
18266
18366
18056
17208
17079
17142
20534
20778
17586
17164
17169
18104
17659
17256
16985
17854
18025
17207
27883
17835
