35922
11028
10169
7418
7105
6970
7038
7827
6951
5504
6995
6809
11413
6907
6699
6690
6815
12039
11063
6767
6830
6739
6661
6589
8136
6976
6573
6796
6620
6671
6591
6658
6602
6750
6607
6776
5964
7488
6610
6667
6590
6586
6671
6685
6629
6686
6657
6886
6548
12849
10830
6987
11889
8505
7014
6992
6936
6952
6979
6967
7045
6963
6984
6925
6941
7173
6956
6934
6927
6924
6984
7026
6921
7021
7011
6941
6920
7035
6974
6988
7085
7033
6975
7142
8231
6976
6972
6915
7110
7151
6857
6694
7027
6896
6924
7114
6984
6718
6803
6741
