169798
125284
92829
79227
64292
62585
70740
104305
124832
66140
64490
64702
64145
68366
68161
79137
81858
64642
66538
64356
65929
64683
63744
69799
66041
66814
91468
69720
64196
64644
63980
64139
64324
69087
86878
62193
62235
61919
62099
62884
77687
71086
65285
64004
64096
81798
62421
73038
102894
75479
67229
67720
65128
66380
69394
85260
68107
70246
64546
70735
63258
62592
62252
68230
73218
67740
78320
62919
62789
62562
73382
68901
64298
66093
71313
65758
63907
64208
63946
63933
68867
74003
62380
62411
62595
62393
72958
82063
70827
67063
72687
70408
64479
66966
69271
66191
64194
71104
105360
64130
