43148
14719
23681
21032
35163
40173
6415
8090
11644
7092
6915
6989
7438
6896
7028
6954
7220
6958
162138
45846
259237
8698
7743
23014
7658
7143
7020
7169
6875
6375
19543
8976
9392
7058
6445
8107
7892
7278
7003
7113
7087
7186
9151
7432
7357
7157
9771
7221
7345
5689
7427
9244
6513
7835
6017
6609
7202
7149
7055
7726
7618
6412
7748
7541
7129
7310
7735
7343
7858
9039
7810
7169
11090
9723
7522
7870
7156
7342
7363
6341
7108
6382
7076
7323
7168
7137
9704
7356
6099
6624
10880
9281
7761
7413
7204
7153
7153
7216
7089
7139
