235098
130005
68685
102426
146247
81256
62609
108393
66088
92116
74099
68138
69160
105380
66822
76128
70738
71160
74791
78899
77396
88936
88039
61555
66790
61921
98260
60125
73014
72777
64219
81509
66908
68262
84821
73026
110248
63093
74790
62815
109033
61507
61601
172531
171106
81184
67989
68468
71154
66116
68659
82117
117563
63346
182716
77066
81838
84574
176483
90163
82948
61829
102576
64620
72578
113082
64934
69639
233877
137143
71528
70466
115375
140875
106075
75905
67500
103748
156126
109833
73391
61797
76519
66949
64834
79625
74414
62449
70243
68835
61891
108032
60209
77682
61917
114555
69245
219282
82193
64590
