27753
11619
12354
7936
6975
8568
64480
15908
6737
7564
12374
29338
10249
18598
16315
7332
7100
8378
7120
6796
7146
7031
7183
7015
6985
7050
7071
6892
6802
6997
6930
6935
7119
6910
7985
10000
7267
6879
7071
8685
9894
255225
8079
7217
224269
15370
9521
7189
226952
6494
7476
237084
26052
15256
29022
98067
11305
7264
230703
15298
7239
182121
12060
10250
7327
7237
7156
7015
7130
6523
7175
114899
7263
6970
6892
6824
17967
7037
7219
7105
14577
7040
7512
218118
6305
7154
105308
171826
14319
19750
19733
7215
6960
7003
35366
7408
6915
12669
18324
9769
