36300
17311
40050
15537
15913
15857
7558
6802
6767
6737
6677
6750
6611
6653
6734
8480
6841
6804
6789
6684
12895
10898
6627
6646
6666
11470
6699
6695
6797
6655
7285
6647
6652
6826
6938
6839
6736
6613
6641
6592
6609
6701
6750
6599
6642
6856
6600
6628
6699
6694
6601
6712
6691
6690
6604
7061
6668
6865
6629
6565
6855
7220
6649
20346
8129
8778
7426
7057
49945
7220
7200
6921
18218
7365
29721
7718
28603
20053
26002
19842
20087
7968
7415
7327
7365
7201
7215
7324
8684
7546
7625
7991
6352
7423
7431
7247
7963
10045
7029
11107
