22468
4281
3941
4100
3891
3870
3810
3804
3808
3946
3833
3806
3817
3809
4745
3826
3824
3777
3805
3786
3805
3833
3797
3796
3807
3811
3834
3780
3792
3819
3807
3796
3816
3806
3796
3793
3775
3810
3784
3777
3820
3824
3799
3792
3796
3858
3835
3802
3830
3809
3803
3790
3818
3801
3792
3777
3788
3810
3801
3810
3858
3962
3781
3779
3820
3794
3808
3810
3806
3821
3795
3840
3799
3801
3795
3787
3785
3834
3788
3773
3794
3769
3811
3810
3802
3805
3789
3788
3791
3811
3825
3787
3809
3820
3787
3812
3824
3781
3857
3814
