16554
1435
1176
1208
1144
1071
1056
1082
1123
1077
1077
1066
1052
1045
1052
1055
1056
1046
1056
1060
1044
1047
1064
1066
1061
1047
1052
1055
1049
1049
1051
1051
1050
1043
1048
1055
1050
1046
1063
1065
1069
1045
1047
1047
1061
1049
1048
1043
1060
1050
1050
1049
1054
1059
1063
1058
1049
1050
1049
1057
1054
1048
1049
1052
1052
1048
1049
1053
1060
1044
1060
1047
1054
1045
1066
1049
1058
1046
1055
1042
1053
1044
1056
1047
1049
1046
1060
1050
1059
1050
1054
1051
1062
1044
1052
1046
1056
1046
1048
1046
