19960
5962
5427
5410
5403
5285
5359
5296
5357
5226
5322
5336
5241
5280
5265
5275
5334
5333
5331
5330
5604
5339
5290
5269
5296
5310
5370
5303
5287
5268
5334
5304
10265
5526
9743
5376
5328
5324
5379
5322
5322
5320
10324
5424
9671
5262
5332
5298
5298
5317
5265
5292
5323
5229
5292
5378
5317
5335
5347
5383
5304
5271
5340
5327
5268
5236
5285
5344
5317
5302
5331
5315
5323
5353
5374
5304
5279
5325
5321
5307
5290
5292
5331
5299
5304
5269
5286
5280
5336
5334
5304
5316
5295
5326
5340
5307
5270
5267
6627
5350
