16839
1978
1749
1775
1698
1654
1607
1609
1594
1605
1632
1617
1622
1601
1591
1601
1608
1610
1608
1611
1588
1599
1612
1635
1598
1605
1599
1595
1611
1608
1600
1601
1621
1588
1599
1611
1612
1607
1617
1601
1603
1606
1618
1604
1607
1592
1616
1607
1597
1605
1597
1640
1598
1599
1618
1607
1611
1595
1600
1607
1592
1612
1601
1613
1614
1594
1600
1617
1619
1599
1595
1608
1607
1596
1630
1606
1611
1597
1597
1611
1590
1593
1603
1601
1596
1603
1597
1598
1608
1606
1611
1605
1603
1604
1594
1601
1596
1596
1600
1605
