23893
32146
29246
28065
28765
24789
1382
1588
2019
2023
1963
2000
1962
1580
1572
4973
1540
1564
1566
1540
1570
1558
1559
1584
4862
1540
1588
1555
1538
1554
1565
1582
1526
1550
1557
1576
1568
1545
1549
1592
1550
1556
1574
1545
1572
1543
1549
1581
1537
1525
1578
1572
1548
1569
1552
1584
1549
1542
1582
1579
1571
1529
1567
1571
1425
3537
2148
1587
1560
1585
1564
1583
1570
1571
1575
1573
1530
1548
1571
1574
1536
1571
1565
1556
1565
1547
1537
1612
1559
1539
1607
1564
1553
1557
1558
1563
1523
1566
1571
1581
