23907
4066
3804
3772
3759
3767
3765
3759
3771
3775
3759
3786
3765
3755
3782
3755
3792
3765
3770
3777
3779
3763
3768
3762
3795
3762
3775
3758
3755
3769
3783
3753
3770
5001
3752
3765
3777
3780
3765
3772
3770
3776
3779
3772
3788
3774
3778
3775
3779
3786
3770
3770
3776
3772
3775
3771
3772
3776
3775
3780
3777
3782
3784
3770
3767
3773
3770
3777
3774
3775
3778
3776
3770
3779
3781
3781
3776
3773
3776
3777
3776
3788
3774
3771
3787
3771
3780
3781
3776
3772
3784
3784
3778
3774
3777
3773
3771
3782
3771
3776
	
	20221
4117
4945
3834
3799
3811
3824
3789
3811
3792
3811
3797
3799
3802
3790
3807
3790
3803
3814
3810
10485
8254
3815
3814
3794
3791
3802
3801
3809
3802
3802
7362
3824
3826
10412
12181
4032
8305
3909
8527
3794
3790
3796
3792
3791
3789
3800
3775
3788
5842
3782
3793
3800
3794
3783
3801
3780
3787
3786
3785
3793
3794
3798
3804
3789
3789
3792
3789
3778
3789
3782
3803
3776
3791
3776
3794
3784
3793
3797
3789
3789
3789
3783
3804
3794
3793
3790
3792
3796
3793
3795
3791
3794
3788
3783
3800
3799
3793
3797
3799
	