1322074
1207319
1210037
1288580
1214102
1201877
1211251
1207539
1215660
1196870
1238855
1205781
1214639
1206828
1206809
1208408
1203470
1206693
1210221
1215040
1212594
1208724
1208207
1203701
1214729
1208612
1205161
1206868
1203602
1208910
1214879
1213925
1203808
1209862
1214943
1212296
1206312
1209771
1205710
1214408
1209596
1215271
1206841
1205415
1212506
1213975
1207752
1202819
1207241
1208275
1214562
1203629
1210190
1207933
1212388
1205369
1211408
1214581
1207853
1210654
1217908
1213339
1214625
1212284
1205301
1215219
1210774
1216337
1213002
1214238
1208469
1215146
1205900
1202118
1217415
1212154
1213836
1208313
1208969
1207647
1211995
1215876
1201029
1205660
1207862
1202732
1208016
1205411
1206065
1213019
1200233
1216213
1211961
1206947
1206719
1214451
1213524
1196826
1209027
1212477
	1370758
1206798
1211889
1206985
1253854
1203984
1207435
1214221
1206072
1210411
1230798
1207208
1204861
1206521
1211588
1205845
1210230
1203588
1206982
1202974
1205862
1211356
1205601
1208180
1206378
1205514
1210632
1206526
1210096
1204279
1206383
1210379
1206161
1211503
1244385
1228520
1202427
1207844
1203214
1206349
1210502
1205434
1209819
1206592
1206528
1204139
1206048
1208961
1204115
1205524
1209260
1205722
1210868
1204922
1207702
1214626
1205200
1211832
1207182
1206918
1203787
1207884
1210813
1205927
1210624
1204229
1207895
1204757
1206258
1211064
1206241
1208567
1203921
1206729
1209992
1206522
1211516
1204854
1207214
1213965
1205917
1211451
1206817
1209297
1203848
1207573
1210320
1206588
1211000
1205338
1208210
1204680
1206366
1211266
1206733
1209466
1204044
1207658
1209861
1206498
	