26397
4052
3730
3705
3689
3698
3705
3693
3687
3699
3696
3705
3690
3690
3682
3696
3687
3684
3686
3688
3682
3698
3685
3692
3687
3698
3691
3686
3693
3693
3687
3681
3682
3701
3686
3714
3681
3688
3687
3695
3684
3691
3717
3690
3680
3684
3700
3683
3685
3682
3687
3682
3686
3687
3697
3684
3693
3694
3696
3696
3684
3690
3687
3694
3687
3697
3687
3684
3694
3687
3698
3692
3686
3692
3699
3694
3694
3697
3686
3686
3684
3689
3699
3694
3688
3705
3687
3683
3684
3692
3681
3695
3687
3685
3694
3698
3685
3689
3697
3687
	
	20789
4099
3758
3736
3746
3737
3729
3719
3729
3728
3740
3723
3726
3746
3734
3726
3738
3732
3744
3745
3728
3729
3732
3734
9247
3815
13452
12677
8729
8416
3716
3742
3771
4045
3737
3726
3713
3723
3715
3708
5814
3735
3722
3716
3714
3720
3714
3718
3730
3714
3712
3714
3709
3716
5471
3745
3716
3713
3714
3744
3715
3717
3719
3715
3721
3715
3715
3714
3731
3719
3709
3722
3717
3716
3709
3722
3715
3719
3717
3713
3719
3730
3721
3717
3721
3728
3726
3716
3717
3713
3733
3715
3719
3718
3723
3718
3732
3718
3731
3723
	