22349
4024
3725
3712
3706
3698
3705
3694
3688
3703
3698
3687
3688
3690
3701
3703
3702
3703
3686
3697
3707
3697
3707
3705
3702
3703
3699
3687
3701
3704
3692
3688
3700
3687
3695
3701
3691
3683
3706
3689
3710
3694
3709
3701
3705
3703
3699
3706
3689
3695
3698
3704
3704
3701
3688
3706
3693
3687
3711
3707
3689
3693
3686
3692
3696
3692
3690
3693
3706
3709
3704
3694
3705
3706
3704
3716
3688
3693
3687
3702
3695
3691
3694
3699
4782
3699
3691
3691
3689
3713
3711
3700
3689
3696
3696
3698
3701
3698
3697
3684
	22246
4131
3759
3742
3745
3742
3752
3741
3735
3737
3715
3724
3730
3724
3725
3728
3735
10289
8144
3736
3820
3733
3749
3747
3744
3750
3735
3733
3737
3733
3732
3732
3745
3733
3738
3732
3747
3734
3729
3730
3731
3738
3730
3749
3745
3740
3734
3734
3729
3740
3736
3735
3733
3733
3737
3734
3730
3741
3735
3726
3732
3727
3729
3732
3735
3731
3737
3730
3730
3741
3735
3727
3732
3728
3730
3733
3735
3732
3738
3730
3729
3741
3736
3727
3732
3727
3729
3733
3735
3731
3736
3730
3730
3741
3735
3726
3731
3727
3730
3732
	