23965
5222
4931
4922
4929
4912
4908
4917
4923
4908
4906
4909
4914
4904
4904
4915
7670
4944
4911
4925
4918
4918
4920
4925
4914
4924
4928
4930
4928
4920
4919
4909
4924
4925
4900
4916
4907
4921
4920
4932
4926
4928
4920
4933
4915
4909
4927
4909
4907
4931
4932
4917
4917
4913
4915
4917
4910
4938
4934
4934
4923
4921
4938
4924
4924
4924
4917
4920
4916
4913
4917
4936
4904
4921
4907
4925
4905
4931
4924
4912
4916
4905
4916
4906
4902
4913
4913
4927
4926
4928
4930
4927
4924
4917
4924
4926
4922
4904
4911
4923
	
	21459
5180
4943
4924
4900
4928
8821
19860
5110
5048
5053
5048
5044
8632
9710
5170
7233
5219
5191
5181
5187
5196
5188
5180
9750
5031
5047
5043
5035
5030
5023
5038
5032
5031
9624
4919
4899
4906
4898
4912
4887
4902
4892
4900
4883
4901
4883
4890
4884
4893
4888
4888
4893
4883
4886
4892
4874
4892
4899
4904
4887
4901
4887
4907
4889
4894
4886
4887
4903
4871
4904
4911
4885
4883
4892
4899
4900
5422
16905
5039
9647
4882
4884
4871
4896
4888
9547
5044
16129
9624
4894
4889
4876
4907
4897
7186
4951
4906
4902
4903
	