1334992
1214100
1204166
1255480
1212906
1204535
1207919
1204972
1204948
1213812
1213449
1204149
1203770
1203648
1203482
1205687
1208644
1204025
1203777
1207051
1204802
1207591
1204486
1204264
1206794
1204881
1204463
1204406
1203601
1204152
1204176
1206814
1207510
1211281
1207231
1205968
1205222
1204557
1204775
1203939
1203430
1204272
1205111
1211712
1203392
1205228
1203792
1203884
1206709
1247279
1208694
1204411
1204616
1203781
1204295
1204018
1203617
1201510
1204733
1204112
1205826
1204689
1211479
1203988
1203884
1205381
1207430
1211223
1204114
1206918
1206629
1204866
1203802
1204564
1204937
1206493
1203982
1203107
1207179
1206063
1204771
1202635
1203342
1204956
1211255
1204253
1206769
1205287
1208494
1204685
1203314
1207917
1203729
1204376
1207055
1205045
1211420
1203312
1205988
1205864
	1396548
1213274
1209426
1205913
1253064
1209113
1210492
1209926
1210953
1208354
1215898
1204756
1208929
1209387
1208878
1208885
1207025
1213743
1212805
1209001
1206088
1206902
1208428
1206467
1208679
1209507
1207755
1211179
1205260
1208698
1209290
1208648
1210995
1204493
1205698
1210071
1207578
1209298
1205569
1210966
1206877
1209858
1208599
1208955
1211530
1208794
1208383
1206274
1208165
1208729
1207186
1206485
1205180
1205093
1209202
1206275
1208645
1206295
1207987
1209238
1204875
1206716
1208851
1206529
1204758
1208240
1207227
1208891
1209286
1208065
1208503
1207615
1208290
1206285
1205170
1209692
1204605
1208483
1206711
1208932
1210388
1206118
1205967
1208157
1208089
1209701
1208176
1207380
1204883
1208861
1207711
1210074
1211159
1205813
1208050
1206219
1209054
1209145
1204708
1210265
	