23449
4119
3787
3763
3749
3750
3726
3733
3726
3736
3769
3769
3733
3761
3728
3737
3731
3739
3728
3734
3727
3742
3733
3725
3725
3738
3745
3733
3725
3739
3739
3740
3730
3737
3725
3729
3743
3744
3730
3735
3751
3734
3731
3730
3731
3732
3727
3731
3742
3729
3727
3727
3734
3730
3734
3734
3735
3736
3728
3726
3740
3729
3723
3730
3736
3730
3734
3731
3733
3729
3740
8296
3763
3750
3740
3720
3759
3749
3744
3741
3748
3749
3747
3758
3744
3745
3742
3729
3742
3737
3747
3740
3741
3747
3739
3735
3739
3746
3748
3750
	
	19863
4024
3794
3754
3768
3760
3760
3790
3863
3756
3745
3734
3729
3742
3738
3746
3738
3742
3737
3731
3736
3731
3739
3739
7346
10647
9151
6764
8527
8179
3767
3760
3761
3745
3729
3735
3733
3744
3752
3745
5774
3776
3750
3765
3752
3745
3744
3763
3744
3760
3751
3749
3751
3746
3756
3741
3742
3780
3750
3747
3751
3737
3739
3751
3745
3744
3747
3747
3740
3754
3749
3755
3743
3743
3738
3745
3743
3745
3741
3737
3746
3738
3741
3742
3748
3743
3745
3749
3756
3747
3741
3739
3753
3739
3743
3748
3736
3745
3746
3749
	