23324
4378
4053
4039
4021
4050
4034
4047
4038
4016
4034
4026
4048
4042
4045
4034
6062
4066
4034
4034
4034
4051
4050
4081
4037
4132
4036
4032
4047
4031
4047
4022
4050
4030
4041
4040
4042
4053
4028
4044
4043
4039
4045
4026
4035
4038
4020
4032
4033
4031
4040
4031
4027
4049
4042
4049
4033
4040
4037
4036
4055
4057
4039
4031
4037
4046
4033
4041
4026
4044
4050
4052
4055
4051
4044
4041
4042
4044
4046
4037
4016
4031
4051
4034
4050
4048
4021
4038
4053
4035
4029
4030
4037
4025
4032
4039
4033
4039
4033
4037
	
	19927
4291
4027
4027
4020
4011
4020
4011
4027
4011
4034
4025
4014
3997
4017
4020
4021
4009
4009
4017
4034
4000
4009
4018
7608
4030
16048
7723
8872
8591
4006
4010
4002
4001
3994
4004
3990
4006
3989
3995
5985
4012
4004
4002
4001
4023
4006
3996
3996
4007
3992
4002
4009
5124
4035
4007
4026
3999
3985
4009
4011
4003
4016
4006
4021
4001
4001
4024
3995
4007
3997
4003
4001
4007
4003
4012
3998
3995
4011
4006
4005
4008
4003
3999
4005
4006
4033
4008
4005
4007
4021
3994
4010
4014
4004
4009
4011
4024
4014
3999
	