24416
5194
4932
4930
4929
4932
4915
4927
4928
4926
4939
4920
4923
4919
4915
4932
4924
4924
4916
4925
4920
4924
4922
4926
4932
4923
4913
4921
4921
4930
6582
4936
4927
4926
4928
5003
4927
4937
4932
4925
4925
4921
4925
4931
4915
4934
4929
4924
4925
4922
4925
4935
4917
4923
4935
4932
4928
4922
4926
4935
4915
4929
4935
4932
4926
4924
4921
4949
4921
4935
4928
4934
4922
4925
4932
4922
4921
4935
4929
4928
4922
4935
4922
4925
4925
4930
4930
4927
4922
4935
4924
4928
4923
4929
4928
4928
4922
4935
4922
4925
	
	21002
6160
4982
4911
4925
4898
4932
4905
4909
4904
4907
4910
8278
4976
25892
12492
9803
5187
5037
5031
5048
5052
5040
5043
7085
5083
5051
5065
5071
5052
9456
4907
4910
4969
4942
4946
4921
4910
4906
4930
4954
4934
4990
4946
4908
4910
4908
4899
4927
4909
4913
4914
4911
4925
4912
4969
9689
5109
9619
4909
4918
4927
4913
4915
4937
4930
4914
4914
4908
4939
4910
4901
4918
4933
4919
4913
4909
4918
4978
4921
4914
4914
4916
4913
4914
4913
4902
10748
5276
5045
5055
5044
5155
5036
5038
5032
5063
5047
5032
5037
	