27442
13636
8439
8415
8474
8450
8444
8398
8457
8459
8451
8394
8440
8435
8451
8402
8446
8439
8449
8448
13579
12763
8446
8450
8451
8434
8677
13411
8448
8435
8439
8450
15540
13906
8416
8484
8397
8411
8401
8403
8429
8422
8398
8408
8399
8419
8416
8412
8412
8400
8412
8445
8408
8466
8399
8438
8406
8447
8443
8439
8453
8435
8437
8441
8412
8448
8407
8436
8459
8442
8443
8435
8450
8450
8445
8466
8446
8441
8441
8439
8405
8388
8442
8457
8444
8446
8431
12289
8596
8368
8377
8452
8449
8463
8411
8408
8455
8458
8436
8374
	
	25695
11782
8442
8438
8479
8480
8479
8389
8439
8406
8471
8436
8497
8430
12139
30470
10888
13305
8434
8432
8477
10582
8473
8435
8419
8430
8468
8430
8433
8439
8423
8383
8411
8426
8417
8462
8379
8483
8376
8429
8384
8476
8428
8418
8390
8472
8376
8477
8410
8465
8386
8381
9316
8502
8519
8467
8438
8471
8424
8474
8429
8474
8439
8469
8471
8432
8466
8539
8461
8441
8474
8464
8473
8428
8481
8464
8471
8432
8467
8467
8473
8430
8463
8474
8431
8470
8435
8489
8428
8475
8436
8457
8436
8468
8385
8470
8425
8471
8434
8473
	