23384
4290
4016
4030
6380
4034
4014
4000
4020
3994
4019
3995
4009
4012
3997
3998
4004
3992
3997
4001
4002
3991
3998
4002
4002
3995
4005
3995
4022
3984
4000
4009
4011
3994
4002
4005
4009
3995
4009
4003
4015
3994
4009
3998
4002
3992
4003
4002
3998
3994
4015
4001
4011
4007
4005
3993
4009
3994
4008
4002
4008
4004
4007
4011
4014
3993
4017
4010
4010
4003
4005
4008
4007
3995
4011
3996
4011
4008
4006
3996
4006
3998
4010
4016
4017
3995
4016
3999
4012
4001
4008
4000
4008
3999
4004
4001
4005
3989
4009
4012
	
	20653
4205
4062
4058
4048
4037
4176
5123
4039
4025
4014
4039
4043
4041
4029
4027
4034
4033
4029
7429
18563
8853
11736
8889
8519
4046
4010
4022
4013
4021
4006
4035
4015
5981
4034
4024
4053
4035
4032
4025
4043
8736
4162
8412
4043
4049
4037
4026
4033
4045
4036
4031
4059
4036
4044
4038
4037
4030
4037
4044
4052
4043
4027
4034
4028
4039
4036
4047
4032
4045
4034
4032
4029
4033
4037
4035
4050
4048
4052
4033
4029
4036
4034
4044
4049
4029
4041
4029
4029
4037
4034
4033
4032
4046
4035
4047
4034
4029
4033
4035
	