2649662
2466983
2397587
2406653
2432400
2405177
2412048
2417501
2405965
2403686
2407427
2406247
2405440
2402022
2400474
2405300
2407118
2408390
2400853
2406299
2404588
2405865
2404173
2411691
2407370
2405040
2406106
2427676
2404232
2401075
2407100
2405337
2405694
2401173
2411874
2407036
2539870
2603053
2403123
2401901
2406319
2406951
2407055
2397849
2407597
2408034
2406134
2404120
2411321
2401368
2404124
2404966
2405519
2403240
2400797
2401558
2409644
2434389
2480779
2765745
2748865
2492074
2408565
2410084
2400202
2405177
2408487
2409609
2412090
2395788
2405807
2404923
2405984
2407315
2402395
2401254
2405514
2403643
2404699
2406422
2517994
2410897
2404904
2405615
2399559
2413357
2400321
2406023
2414915
2403791
2407619
2396157
2400731
2405355
2404135
2424981
2411656
2401131
2405004
2406717
	
	2687532
2415577
2460791
2426086
2409106
2422898
2401196
2408807
2406237
2406861
2404730
2400288
2405550
2406297
2411005
2411356
2414224
2396817
2401604
2408034
2403690
2400971
2406973
2401495
2404874
2407426
2405535
2411831
2401315
2561996
2403226
2402437
2403273
2401540
2407140
2401182
2403534
2404096
2401911
2401614
2401119
2404625
2404567
2405577
2410357
2401651
2407139
2401426
2406025
2403412
2411544
2406292
2403221
2402887
2428118
2406906
2404542
2406769
2406286
2405384
2409943
2397257
2402649
2407534
2402316
2410051
2401014
2400566
2404750
2403182
2437224
2430573
2402977
2406808
2408493
2404451
2406609
2404626
2400485
2405047
2405711
2400392
2407471
2400646
2405182
2405203
2403635
2404485
2400564
2406584
2408171
2402563
2410051
2400993
2404468
2409654
2404344
2402436
2407859
2404370
	