2620534
2461997
2403906
2403964
2434052
2409371
2413202
2399529
2412832
2403908
2406726
2412059
2402347
2401109
2408129
2412166
2409220
2397318
2400348
2404005
2406838
2407001
2407972
2401345
2404080
2403730
2407611
2409103
2400285
2401793
2432741
2408736
2406906
2411923
2399775
2402096
2404848
2406392
2409726
2396976
2405266
2406968
2411210
2407996
2400864
2400605
2406268
2405623
2407353
2410622
2407637
2408094
2404879
2407816
2408209
2400479
2404629
2403969
2410388
2406626
2400027
2400738
2404516
2407173
2505681
2408669
2409780
2433282
2401786
2404744
2410811
2407436
2395543
2401918
2405358
2406599
2408974
2409115
2401369
2405893
2407160
2408549
2410401
2402111
2402863
2405632
2410922
2407621
2396054
2400732
2404937
2406214
2407039
2409881
2401851
2404674
2405718
2406758
2410516
2400257
	2657935
2416042
2471448
2406961
2409001
2422081
2417266
2407599
2411785
2407268
2408730
2401665
2416897
2414537
2409365
2406206
2408150
2416101
2416457
2412509
2404185
2408900
2408822
2415820
2414753
2413218
2406823
2406838
2403416
2417301
2414007
2413063
2407729
2407785
2403184
2416419
2412232
2406937
2407298
2404471
2415954
2415155
2408459
2406131
2407543
2417741
2417221
2415625
2404877
2407051
2409835
2416151
2424325
2411660
2405161
2408328
2401283
2417242
2415567
2409999
2408340
2407111
2417446
2416149
2413607
2403595
2407261
2405788
2416476
2406979
2412734
2406084
2406221
2402298
2451394
2417631
2412251
2406494
2406866
2403812
2415925
2415250
2408344
2406380
2409070
2415051
2417307
2411471
2402755
2409696
2403094
2416936
2414561
2406255
2406415
2406552
2410959
2415786
2414603
2399946
	