27656
8781
8536
8467
8466
8816
8509
8491
8506
8469
8454
8471
8475
8480
8481
8465
8484
8475
8460
8490
8479
8479
8513
8521
8514
8522
8504
8508
8504
8509
8519
8517
8449
8481
8475
8476
8475
8466
8462
8461
9931
8483
8479
8463
8481
8489
8450
8498
8487
8526
8530
8531
8531
8523
8517
8530
8519
8523
8517
8530
8519
8523
8534
8519
8514
8511
8512
8523
8505
8540
8463
8474
8486
8467
8452
8468
8471
8477
8524
8517
8514
8522
8523
8515
8519
8523
8517
8530
8519
8524
8518
8530
8519
8523
8518
8530
8519
9115
8548
8478
	
	24954
8713
8430
8435
8430
8413
8408
8397
8403
8406
8416
8420
8387
8404
19393
20750
8420
8413
8433
9503
8458
8440
10497
8416
8410
8409
8404
8412
8408
8398
8414
8402
8402
8393
8404
19793
8402
8410
8401
8403
8409
8429
8410
8397
8404
8399
8413
8404
8402
8412
8400
8408
8402
8403
8407
8395
8411
8408
8421
8397
8412
8412
8407
8399
8407
8399
8400
8395
8411
9075
13369
8662
8677
8665
8884
8506
8415
8412
8440
8402
8402
8418
8394
8440
8406
8432
8442
8411
8393
8408
8439
8434
8403
8445
8429
8441
8442
8399
8439
8408
	