29639
27026
21851
12731
20544
33660
27201
28720
20730
21569
15063
16492
41084
14287
27905
28209
15623
19328
48444
15081
18263
29541
20177
22035
23205
17868
17588
15221
19127
21146
15569
15114
29750
14856
19991
29976
19747
22558
21735
17808
27773
47766
17670
20214
15680
19358
19723
22038
14621
21603
47390
14038
17157
15408
13615
14961
21601
20702
55499
30691
23328
47230
13898
18989
22245
19386
21293
21254
14364
26175
19089
18750
17374
47824
14447
15969
40397
22835
24871
14793
19675
18002
21469
19933
37429
14644
16377
17874
13450
19253
15454
35730
14327
18949
22632
18024
17690
15259
18866
17423
