36224
14778
16858
18152
15210
24651
17327
66109
30888
13576
13700
15954
14609
14636
12356
13893
17250
20249
20160
15778
20944
17610
13453
20674
15917
12812
13472
16160
24177
13421
14644
14681
26263
11918
17082
14983
20735
13980
14262
17840
14469
13948
34716
18312
41399
14596
14168
17770
12775
16915
12715
18111
17984
18648
35206
25310
12034
16314
20899
21609
15431
12336
15341
21106
17825
11084
12346
39334
12075
11222
16566
20691
43458
13419
14370
19761
13615
21582
13215
19740
24992
20594
13230
14397
43270
15684
33380
25989
12533
29438
35079
42395
17923
15475
11706
14176
34024
14830
17297
14831
