42935
37298
13110
31805
9676
123769
9836
16900
11000
14755
15122
21124
8888
13326
18578
26677
17900
18732
13539
17988
14176
13790
50301
15279
17840
17608
9445
16689
41646
8113
11956
32783
12939
23330
14073
17611
36633
24279
16868
18321
9477
13442
14334
8155
17969
13886
13169
31797
17033
17175
37240
106338
21000
14464
36958
17627
11219
37568
17964
12973
10040
16780
14761
9877
30142
13412
13456
20112
17739
21850
12968
13124
17972
13809
13136
9218
37708
13708
14394
27547
11422
13943
11459
23836
10272
14105
20306
9477
12284
13608
19482
10112
10436
26742
9540
14999
21349
10268
19054
14451
