39021
24660
29574
18311
34447
15937
17443
21053
19078
18005
16909
15162
19424
19542
14894
16355
14809
22814
59049
14294
22147
21608
15521
22523
20469
22751
27197
28683
17749
17871
15397
33728
37617
16120
15914
23204
18499
17266
24328
22969
18394
14806
36456
23356
22766
17378
22978
17909
14961
17639
23668
19570
45208
25668
37402
22393
19300
18423
20106
24536
22352
19569
40002
28128
18182
15395
16808
16443
46195
15929
37048
21688
45854
27387
16789
22588
20520
20605
24151
43087
15514
23612
35085
18185
23487
17212
15568
28212
15850
16624
25136
17924
18337
23311
17689
17500
37623
16130
20685
19420
