333599
210026
196743
214830
241341
221252
211094
192365
208120
226974
220690
275212
237982
224557
276312
198272
192333
194134
273674
236429
204285
197260
209430
229724
201533
219679
225590
398487
208695
203407
203400
222711
211936
255979
207757
230544
268618
279992
198114
222289
214613
504950
243856
188798
187640
354495
242468
251388
191812
190945
540441
238778
189866
270427
264436
230225
244216
189685
189613
220307
200156
292830
215175
329176
262190
224340
195104
227794
263148
206342
222435
229329
299639
259878
235318
245521
212347
205781
225250
221750
296063
215417
229677
286415
272035
204867
186431
252357
211660
213260
285236
235242
251995
214954
206506
247447
233156
204442
236732
258546
