13884
14316
13110
21403
36796
9657
12967
31258
8636
10250
13331
9712
15174
11595
9078
15683
43695
14596
13079
18152
9345
12956
12913
17548
12854
42665
18031
8333
13983
9305
9554
16345
17494
15965
17345
19204
15934
13812
32655
18220
14008
20548
15897
14587
13809
17652
8594
12846
16453
37338
9507
16217
14128
19740
18445
13431
35288
15984
17864
10035
11640
9815
12123
44007
13168
14286
22057
24239
9535
13113
65358
13293
13545
13249
37127
12879
12953
18110
9859
16457
9797
17960
13882
18430
30958
15017
16425
17225
16296
45352
13098
46110
9751
13223
17655
13274
19563
17971
13461
21102
