27161
22012
10880
12413
17992
11821
17883
19258
18224
15520
18064
41246
12487
16024
10649
23336
16284
15202
38210
23273
19100
15968
17803
18375
45095
18892
19284
18269
41791
19116
10779
19567
15399
15833
17698
17658
44266
65775
11158
18482
32510
12839
12834
12871
34550
18702
13459
12029
13489
15263
19875
14982
20663
11355
15229
14936
19428
15977
16172
10452
10437
11396
74476
12456
11492
18522
19484
18293
14427
12645
10755
33636
12720
15858
10610
14282
14084
18224
18085
11883
10926
18138
16904
8051
10827
23324
19864
12127
16744
18418
16024
16579
18195
39081
16818
10902
19742
10966
43003
25675
