176237
97120
103378
109091
129347
80254
99980
104043
167036
86968
99412
98639
109011
119346
86351
90807
86405
140535
98691
106005
97044
87816
91727
87090
93639
104933
80719
82994
92568
93737
103253
134484
87767
86847
109304
88482
107588
88200
94459
100889
127470
102328
96407
112506
105991
102910
84259
81398
81453
82290
81184
115072
102897
122084
82297
92923
88526
112909
99423
83041
81182
96872
82751
89691
89957
110106
87129
96668
79444
92291
109534
97285
103266
80737
83116
91299
89115
126002
101179
90429
99216
112107
136675
97770
81891
116558
111324
132633
82233
89142
95588
138105
91472
129454
104399
88946
101687
110256
91261
90259
