214513
210618
203496
258290
215846
199025
199857
191347
196967
199183
201359
213501
249542
220871
204697
198400
204299
217942
201269
207676
195319
195567
192768
217652
208905
235838
222740
206307
195844
194919
201260
216832
220714
226482
216806
198772
204059
241385
226633
227596
194443
197003
288798
217538
197126
204909
203679
254768
205874
195278
195094
208186
209593
222020
199019
205212
237482
212735
233827
196917
201576
243792
229559
203245
197087
202931
232810
260749
216585
202382
217979
423414
201875
218811
208819
208509
198138
202745
214706
205901
232859
236340
223276
209815
191488
195102
213287
212690
207036
213839
225931
243468
199923
200438
216259
208224
196136
196216
232864
229320
