18248
11554
13904
16011
32653
14292
13129
77830
11209
13241
12627
15149
10995
43760
9172
9977
20325
9896
12438
17637
37413
32157
7349
12939
78542
12676
12609
19453
24074
12192
13314
36649
7718
12921
36806
11167
17342
11742
10339
36858
17245
14122
18253
9319
13313
13245
19416
56166
12888
13281
48468
12138
9519
12907
11869
17944
7590
15277
14794
23697
11853
15970
13266
17635
16428
36614
13927
15456
21508
22215
12612
14482
18333
13591
17374
12954
12229
46601
11072
12964
8780
9995
15263
13742
22052
12718
17701
14770
20531
18936
11993
19788
17877
13527
9742
8883
13873
19112
27586
12021
