40531
49449
34206
30960
32528
29898
42359
27360
36781
32861
32759
32289
27294
31120
26978
27867
28132
31901
27589
47540
44547
35756
31784
42950
29811
32468
27875
41882
28107
38163
30142
65437
31703
29996
30507
43601
31067
45789
30413
31920
39154
40352
42616
32044
43119
30715
39834
29692
44191
31053
43051
29861
30114
29652
42827
29947
31370
29651
30345
34760
32610
30366
29730
41808
29163
38013
31484
41205
29626
32423
30057
41563
35433
32909
30364
66256
26994
55737
29369
33668
31826
43586
36868
32075
32005
30615
31732
30784
36568
30226
35727
29862
31051
30346
31416
31378
38813
30668
33750
35904
