19469
14318
12739
14998
14587
46105
40184
10582
18929
26095
11025
15323
11793
12164
21523
17038
38806
26412
19271
45460
12092
15721
127580
20935
33930
12728
10455
37915
46965
14915
26905
18365
10951
19716
69641
24249
19715
16265
81725
12539
16227
53116
16024
18240
27964
25106
20495
21151
58356
21017
24021
56959
14788
18135
36392
19476
12600
11847
32371
15920
16219
20348
16002
14839
33379
10746
16001
19100
19352
42833
25930
16440
16237
19493
11123
15442
16579
19118
19668
16351
19689
15136
24995
23259
14802
18105
78502
11636
15545
16454
16240
19855
10864
28144
22275
12071
14968
22402
12485
16209
