32575
18085
20080
19655
16271
17579
12752
53530
10701
18282
8706
15720
18085
18454
13002
10807
18741
24481
18239
52979
11310
19394
33743
12895
15885
19318
15969
15828
14653
17415
10604
13896
13245
19255
16053
10702
10759
15366
33642
36479
19136
15919
19498
17095
13989
17679
20563
16624
18831
13131
11338
10771
12866
19452
12535
12665
14571
33613
24733
19036
18109
16315
15282
10472
19316
11835
21953
46307
11246
19256
10204
13659
19269
20230
19013
13866
18152
10973
12851
15149
18227
10854
13643
18403
12571
14371
10141
37035
10438
12214
11143
16926
19706
17344
11161
18466
37402
12877
16413
18342
