34440
14090
19639
25858
20161
18035
11715
22866
16684
11447
18755
16101
33710
20046
19152
11506
20091
9880
9769
13976
9990
25554
10038
16553
14449
16961
19119
16299
18274
13203
18686
15938
20813
17465
13675
20552
16946
10270
13729
17160
19272
19855
18046
10070
15523
39966
34327
14299
13418
11746
13100
19646
14452
10974
14274
13573
20674
13671
53703
14809
13924
8809
13854
33188
19822
20513
13328
20355
11446
18208
25051
34152
13619
20222
9279
21174
14249
11735
13814
15136
19631
19143
13611
11129
10735
37843
13660
14090
28787
12988
17567
11200
10910
34503
12485
10893
15466
10941
25541
14495
