35813
13550
33793
13226
14905
10562
34452
14036
20911
11551
13916
17596
11761
25754
17298
12471
29704
13939
10739
12068
11051
10327
12873
15701
12734
10532
48734
13021
14213
13790
10564
13865
12269
21036
11102
18386
14315
10944
17112
13009
18914
13896
28700
13253
14969
18871
17718
10106
9093
13090
14634
19668
15113
14748
13395
14617
18120
32806
13077
13907
19182
13578
12636
15776
10204
18297
9962
14169
10885
10203
32284
27683
12901
27197
11028
16328
18558
13678
18792
29245
13543
19565
20435
10722
12158
13679
11487
13737
13307
16839
11363
13056
12837
15215
17350
19518
17432
19888
10404
11971
