60932
27026
31197
30387
38694
52906
36537
54913
28639
30659
30246
28258
29345
28061
45162
33908
45046
47260
30782
32253
28675
32307
31703
30307
27267
30418
30998
36045
31544
44116
37102
40650
34133
29021
33271
47094
34091
43878
29509
32534
45942
27644
28490
30620
29302
29775
28863
28248
33852
30288
33438
45406
29819
59252
29558
31764
39344
50498
67019
30837
31422
51357
28715
28481
30117
39207
30014
29393
28447
31213
27755
27708
33129
30100
28857
29376
39955
60908
33059
42653
28765
36005
29094
28746
29423
31576
28416
27900
28137
38620
49889
31555
25878
38251
35027
32054
28358
29825
64360
58649
