89975
94490
132864
86276
128731
98084
94047
87761
93814
84199
86420
85770
84291
121774
112746
95706
95561
92202
98441
87126
105593
94097
97951
95760
105395
93589
91486
93740
123695
92752
111871
115646
97550
97766
91145
94859
109676
94696
91360
85359
107395
93003
91076
96195
108241
93658
93672
94636
87009
98822
131879
94504
92130
100605
103928
98796
93487
112620
93884
92177
93651
90172
95091
99827
93987
86098
95941
87964
86082
108661
88864
87980
94449
82742
95173
94959
86498
85776
86649
142608
95180
95475
97733
127740
91369
89464
93559
96129
119513
83995
91754
105533
91794
91714
94512
110569
95707
112445
92667
98265
