33308
18447
13125
32599
28781
18292
7263
12984
42966
18729
69624
9600
15038
35697
27821
12716
13254
12553
306069
21267
17667
9630
15626
12558
31927
14544
12827
15746
68988
41025
14514
7623
14009
13161
18290
18683
18969
11153
9539
16266
8462
37249
9132
16889
8421
17544
11679
9356
16241
20414
63696
19421
13482
12879
14592
63377
21177
9687
13084
12390
10489
9795
14617
11989
12112
13820
13248
37040
27097
17936
21168
17101
40834
18220
15177
13895
41775
36641
16266
19833
19930
74899
16512
26606
10695
14176
15215
40835
17929
14533
13292
13312
8976
11478
18741
12801
14816
11803
24529
8966
