26849
13133
15554
35225
10371
9294
9501
13136
14885
18226
19070
14579
13289
23195
19165
15871
31862
12996
18337
31772
13622
14243
18674
9204
16270
39150
18570
16584
26829
17622
16216
27457
18479
14808
13726
17899
37297
14744
15890
33050
17189
13947
11140
11571
10855
13121
45536
17828
14179
13359
9394
16274
16163
54643
18168
13926
24323
18339
9454
12957
32610
11986
15075
58198
19281
16836
10082
18188
11011
13467
27565
16792
19289
36667
9800
18622
9253
27819
11832
17061
13326
20121
18627
10709
10351
13359
16173
16018
19945
10144
17372
37772
9477
13093
21615
18967
16898
19737
18773
17467
