26173
14013
14175
39110
10816
18901
15530
35671
10957
16919
10855
12000
20954
9045
12289
10594
10580
10551
13743
14323
21592
21870
13981
18460
39704
12646
24080
19989
29727
13224
18855
19763
29968
14901
29973
17368
19771
9171
13939
46569
13709
17626
34138
19858
16325
21863
13588
16626
16411
30024
12523
20586
55788
17296
13585
22613
19288
10641
8209
38955
14175
21243
33681
13823
11113
15500
13787
19645
14766
17133
14099
19999
16209
14349
29699
18120
13333
14514
14463
17732
10821
12695
21928
11354
20519
13678
21181
15922
13898
10764
13601
13734
17181
23951
12252
10873
32614
15325
13219
19033
