		46128
	19306
			24116
	23150
			23778
		21657
		19196
		45161
		47198
	22650
		25826
		25724
		21792
			47318
	21673
			15442
		27504
		47628
	22236
		25668
			22578
		47029
	26061
		21293
		30623
			54476
		42782
	35714
		14368
			13139
		52603
		48842
	21809
		21188
		18645
		21754
		19890
		24019
			19354
	29063
		15112
			20987
	30470
			19171
	26632
			17747
	20519
		23573
		18636
		17509
			23115
	20662
		19195
		33243
		28989
			28599
	27099
		17161
			25903
		44646
		47135
	26962
		22500
		19143
		18986
		33041
		22704
			54485
	32364
		24001
			31353
		47443
	33823
		20450
		25035
			21064
		45201
	18409
		22633
		20339
		16106
		13354
		17773
		17250
		21297
		18549
		17590
			19317
	17133
		13086
		24941
		20287
			28939
		23911
	22328
		19451
			18182
	22193
		21263
		17996
	