		46868
	18827
			19680
	35447
		18921
		24644
		12912
		24547
		17614
		18721
		23924
		22267
			23276
	25549
		23950
		15912
		15198
		19394
		12422
			12807
		44723
		47437
	27354
		13396
		12627
		12213
		14702
			13525
	17423
		20434
		13082
		19433
		20494
		18155
			23100
	24282
		17884
		12597
		21104
		19718
			20585
		21263
		48510
	20701
		13823
			20457
	18197
			29024
	44920
		30934
		21047
			45074
	21279
		13756
			19296
	17996
		14081
		19087
			17713
		44803
	21444
			20749
	15651
		21621
		20802
		24710
		24276
		23898
			19221
	25947
		26282
		19006
		18984
		23694
		19822
		20560
		17435
		17030
		17490
		17545
		16793
			19379
	30701
		15102
		17274
			17433
	21167
		21326
		18160
		18105
		18091
		18770
			17495
		48223
		44666
	20879
		20656
			44686
		47414
	24060
	