		1353974
		1345408
		1350197
		1366211
		1334403
		1416982
		1366861
		1383784
		1359958
		1377097
		1383536
		1349555
		1456787
		1336216
		1380909
		1339446
		1358742
		1343836
		1358005
		1362719
		1404087
		1377012
		1369286
		1360955
		1362719
		1351988
		1361890
		1403259
		1358371
		1354925
		1384958
		1386341
		1379882
		1349247
		1391697
		1420905
		1353036
		1362911
		1365317
		1342848
		1357583
		1387652
		1378981
		1397179
		1347371
		1341764
		1351510
		1375777
		1360196
		1358791
		1371177
		1388060
		1359410
		1347060
		1344920
		1344293
		1332859
		1369801
		1374310
		1349492
		1387200
		1403483
		1412651
		1402247
		1461868
		1416147
		1398849
		1391019
		1408272
		1453439
	