	34513
			47322
		48483
	21462
		21409
			40160
	14381
		21411
		18771
		18376
		13633
		20621
			48289
		21278
	30884
		24596
		30853
		25433
		19980
		22298
		24596
		24907
			46181
	21395
		45548
			19378
	20193
		14403
		77404
			49644
	24463
			54072
		50867
		48414
		58024
		46811
	28223
			18223
	23712
		22483
		26819
		18872
		21981
		21565
		20863
		21102
		21054
			21072
		46161
		21464
		19844
	22484
			53496
		48587
	23053
		24424
			14019
	25189
		24274
		18274
			19789
		61247
	20126
			41832
	17037
			14211
		27099
		17110
		21200
		48584
	19001
		14826
		19840
		17685
		14095
			19635
		28708
	20963
			22119
		48499
	32719
		15389
		15043
		23820
			14097
	24928
		25158
		21968
		21793
		21563
		21596
		22940
			14161
		46538
	23861
		23146
			60852
	21689
		16384
			58828
