		58401
	15949
			58750
		41419
		47589
	20746
			26664
	30121
			64067
	16179
		19676
		15861
		15597
		23034
		29126
		18808
		18476
		19189
		24386
		29495
		33148
		29166
		23528
		30363
		28625
			43884
	21683
		14060
		21605
		24536
		12392
		23704
		31606
		21330
		25817
		20875
		20666
			19677
		16119
		30494
		41789
	24713
		18613
		18944
		15873
		15574
		15510
		19220
		15099
		15221
		14995
		15484
		17092
		15434
		17704
		31452
		31648
		25908
		32003
		32168
		31267
		38519
		20919
			31497
	22457
		20793
		27090
			13006
		46747
		48299
	24593
		22657
		19230
		16980
		25740
		18030
			17357
		43038
		56384
	21554
		17731
		17908
			17109
	21858
		20466
		16733
			13546
		45615
		18987
		21074
	12841
		13077
		50954
			29868
	19518
		27176
			17838
	21424
		17770
		17582
	