		63725
		43891
		53265
	27541
		26846
		19514
			21583
		33978
		61983
	35778
		25744
			24171
		54938
		57936
	22888
			17170
		59045
		17581
	53957
		18317
			23044
	20422
			22571
		46595
		46223
		19751
		42974
	29969
			23264
		18801
		22205
	30434
			20019
		26983
		26828
		18681
		47282
		20327
		29952
		48410
		22509
		22421
		47441
	23068
			20286
		23374
		25378
		18326
		24446
		34897
		21902
		21821
		22327
	27726
		17924
			17360
		22406
		21919
		25626
		100014
	28348
		28550
		28322
			97324
		950809
		168833
		19174
		19105
		22596
		22156
	28720
		26736
		58977
		26821
			649609
		85137
		57214
	91409
			88027
		99970
	27988
			98064
	30881
	27780
				57544
		41868
		56994
		35401
	26362
		33516
		26740
			18420
	28017
			27960
		67638
		58865
		60452
		58398
		22678
	27245
	