132779
73382
63084
63756
80866
59445
58672
69773
64961
58469
58508
58452
58569
58469
58499
59487
58597
58457
58483
58556
58487
58626
58473
58512
61336
58429
58546
58497
58389
58584
58572
58535
59194
58518
58501
58403
58477
58597
58537
58483
58517
59398
58569
58408
58562
58573
58409
58489
58364
59087
58591
58509
58518
58468
58527
58496
58576
59662
58632
58437
58679
58485
58503
58566
58549
58482
59323
58581
58453
58586
58508
58412
58424
58516
59421
58503
58584
58475
58610
58520
58516
58500
58405
59391
58572
58403
58450
58588
58324
58412
58448
60155
58651
58611
58549
58561
58498
58405
58405
58388
