303369
156966
146786
146840
147614
156418
146831
146776
156621
146805
147921
156464
146924
146682
150907
157821
147890
147847
157473
148133
147868
158553
148042
147792
154522
157672
148229
149476
157916
148156
148052
158282
147640
147705
159078
148108
147919
149017
157505
147937
148631
157606
147928
148796
158221
148095
148210
149087
157050
147829
148142
178562
225408
225601
166777
153182
156544
147434
147237
148256
156884
147309
148187
156912
147056
147955
156989
147218
147061
150185
158175
148454
149487
158187
148736
149674
158793
148542
148646
158809
148478
148531
149884
158073
148372
149473
149205
148547
149345
148832
148464
148470
149714
148586
148708
149560
148947
148375
148638
148835
