30127
9188
4910
4881
5117
9234
1713
1766
1688
1725
1753
1733
1723
1712
1735
1730
1695
1703
1712
1721
1727
1721
1712
1757
1717
1707
1744
1708
1720
1705
1723
1734
1678
1712
1739
1774
1780
1763
1771
6118
1728
1716
1750
1713
1727
1714
1714
1751
1687
1706
1722
1720
1726
1705
1728
1766
1732
1698
1746
1714
1729
1725
1728
1746
1687
1712
1732
1733
1734
1721
1718
1772
1727
1726
1742
1711
1729
1725
1716
1734
1694
1716
1721
1728
1738
1725
1722
1763
1729
1726
1754
1714
1723
1710
1727
1747
1686
1698
1715
1732
