13566
8579
1777
2055
1944
4852
4728
4705
4722
4675
1503
1514
1497
1491
1485
1529
1461
1492
1493
1509
1507
1516
1489
1543
1491
1472
1500
1510
1484
1480
1490
1530
1463
1508
1481
1480
1497
1498
1474
1540
1486
1490
1518
1495
1499
1500
1470
1523
1484
1480
1485
1504
1488
1472
1496
1535
1477
1487
1493
1493
1499
1469
1498
1528
1471
1465
1511
1498
1475
1502
1486
1526
1500
1489
1513
1505
1480
1472
1506
1520
1460
1493
1499
1493
1521
1481
1484
1541
1483
1478
1527
1495
1475
1526
1473
1501
1479
1473
1487
1500
