15985
3052
2614
2618
2611
2804
5339
5385
5370
2564
2519
2496
2518
2579
2568
2528
2498
2531
2491
2514
2568
2514
2512
2598
2497
2841
2546
2513
2517
2573
2541
2506
2526
2494
2513
2534
2512
2533
2517
2519
2505
2520
2520
2526
2508
2544
2489
2505
2497
2512
7174
2718
2644
6965
2524
2528
2525
2514
2498
2508
2524
2509
2486
2518
2457
2554
2455
2497
2531
2522
2481
7223
2572
2592
6899
2504
2489
2542
2479
2482
2532
2493
2477
2536
2478
2490
2520
2537
2515
2510
2514
2475
2524
2514
2460
2517
2505
2523
2461
2515
