210875
72907
72933
72845
73999
78291
87013
72856
73038
72923
74437
84029
82438
73103
72922
72796
72710
73504
73393
83963
72755
72897
72924
72876
73799
82339
72623
72917
72820
72797
74495
73039
82447
72776
72952
72995
72659
73018
73111
72794
72791
72981
72881
72622
73769
73312
72622
72890
72952
72696
72797
73454
72870
72769
72970
72646
72791
74387
83782
73659
73575
73702
73595
73824
74277
73583
73515
73596
73524
73764
73654
74287
74251
73618
73590
73774
73632
73641
74477
73823
73397
73524
73729
73391
75075
73795
73663
73647
73623
73620
73518
74627
73771
73582
73680
73833
73459
73404
73782
88636
