230641
112452
112158
113094
112256
112012
112034
113072
112180
112372
112216
112128
112991
111925
112071
112108
114154
112244
112093
111985
112148
113055
112239
112140
112085
112994
112256
112158
112110
112683
112145
112293
112097
112008
113026
112130
112014
111931
112856
112129
112118
112000
112121
112895
112259
112038
111989
112851
112223
111966
111947
112080
125499
112092
122904
124972
128793
112380
112085
112005
112791
112155
112028
112122
112794
112056
112161
112081
112152
113154
112126
112116
112143
112970
112140
112015
112116
112036
112925
112163
112031
111995
112911
112218
112173
111981
112200
113079
112039
112147
111780
112745
112184
111954
111832
112731
112312
111980
111950
112127
