42838
15080
14408
14511
14545
14543
14475
14388
14427
14371
14470
14390
14370
14352
14407
14409
14413
14409
14426
14352
14410
14365
14424
14386
14379
15293
14441
14401
14354
14386
14432
14442
14337
14421
14398
14436
14420
14378
14548
14427
14423
14432
14396
14398
14422
14447
14432
14437
14429
14322
14355
14365
14421
14310
14413
14411
14400
14427
16087
14418
14424
14478
14399
14469
14352
14399
14424
14460
14410
14394
14384
14699
14448
14383
14465
14397
14433
14363
14442
14405
14338
14377
14388
14396
14468
14408
14427
14440
14382
14396
14388
14411
14611
14411
14411
14329
14354
14340
14411
14416
