19035
13262
4957
4845
4918
4920
4927
4916
1595
1519
1547
1523
1547
1544
1540
1561
1505
1534
1553
1523
1558
1539
1525
1592
1539
1547
1562
1551
1545
1554
1538
1570
1518
1536
1543
1530
1544
1538
1544
1583
1534
1542
1564
1540
1550
1543
1541
1577
1504
1539
1558
1527
1547
1536
1533
1588
1544
1542
1567
1550
1542
1547
1547
1570
1534
1543
1554
1530
1567
1538
1531
1595
1550
1525
1572
1548
1541
1562
1542
1550
1526
1547
1547
1541
1561
1535
1536
1585
1532
1549
1573
1557
1552
1550
1533
1567
1520
1546
1537
1554
