15955
1832
1643
1580
1593
1529
1512
1546
1492
1489
1516
1496
1516
1528
1506
1553
1494
1496
1510
1498
1510
1518
1502
1535
1500
1493
1506
1512
1507
1510
1399
2651
1501
1506
1492
1512
1530
1504
1480
1545
1517
1504
1505
1523
1535
1514
1484
1511
1476
1504
1516
1503
1491
1520
1501
1554
1491
1489
1519
1503
1502
1496
1502
1501
1484
1525
1525
1503
1532
1390
2059
1555
1518
1499
1554
1500
1519
1503
1511
1524
1470
1486
1494
1492
1511
1492
1497
1526
1496
1488
1520
1499
1521
1499
1503
1514
1462
1492
1542
1505
