55944
27377
29181
22927
18492
27846
18691
18478
18343
18417
18471
18534
18410
18424
18388
18492
18418
18328
18273
18311
18237
20743
18362
18370
18894
18512
18392
18369
27877
18339
18372
28218
18249
18340
18278
18239
18333
18307
18267
18396
18322
18229
18314
18300
18304
18445
18397
20160
18342
18296
18343
18487
18298
18374
27821
18390
18328
28225
18363
18259
18378
18337
18437
18390
18216
18259
18300
18246
18248
18316
18390
18297
18336
18477
18378
18300
18376
18374
18346
18455
27616
18361
23250
23044
18341
18280
18372
18399
18282
18246
18420
18281
18341
18287
18403
18523
18169
18095
18375
18557
