
80
85
76
84
78
80
81
86
80
86
87
79
77
78
85
86
79
86
76
78
80
80
85
76
58
73
57
72
57
62
50
57
56
55
62
50
80
82
55
57
79
82
79
87
89
77
91
92
80
85
81
89
84
76
75
50
79
70
72
90
84
76
85
75
78
82
86
83
79
77
75
69
59
70
56
84
70
59
65
56
51
56
54
62
58
49
53
80
42
57
50
51
50
70
44
89
70
54
81
70
42
42
45
42
43
43
47
42
43
44
45
44
42
45
45
45
43
43
42
43
44
44
45
42
42
45
42
45
43
43
43
42
42
45
43
42
43
42
44
42
44
42
42
43
43
42
42
44
44
43
45
47
45
42
44
44
43
45
51
43
44
44
42
42
43
42
43
44
44
39
43
42
43
43
44
44
42
43
43
42
43
42
43
43
45
49
44
42
45
42
43
43
42
46
42
42
43
43
43
42
42
43
42
47
46
43
44
43
49
43
43
42
44
45
43
42
42
44
42
44
44
42
44
51
42
42
43
43
45
43
44
43
44
43
44
36
42
43
44
45
44
43
42
44
43
43
42
44
43
49
45
44
48
43
44
43
47
37
43
42
42
45
44
43
44
42
43
44
45
45
43
45
43
43
43
43
42
45
43
51
44
43
42
42
43
46
43
42
43
42
43
44
42
44
43
45
43
43
44
43
